# AML gene sets

## Murine AML

## MLL-AF9 gene sets
### LSC signature (Somervaille et al. 2009)
up.in.lsc <- c("Myb","Ctps","Idh3a","Hmgb3","Gemin6","Strbp","Cbx5","Nsbp1","Dut","Dtymk","Fignl1","Slc16a1","Tasp1","Trim37","Xrcc6","Xpot","Chchd4","Polr3k","Rfc4","E2f6","Lyar","Tnfsf5fsip1","Snrpa1","Nol5","Eif1ay","Suclg2","Timm8a1","Serbp1","Hdac2","Kdelr2","Ilf2","Sfxn1","Gspt1","Rwdd4a","Agpat5","2810410m20rik","Usp14","Utp18","Eef1e1","1110007m04rik","Smyd2","Cacybp","Pa2g4","Cdk2ap1","Vkorc1","Wdr36","Mrpl35","Metap2","Mtf2","Atad3a","Pdcd2","Ppat","Orc2l","Ddx19a","2310008m10rik","Cdc16","Clns1a","Mrpl51","2600001m11rik","Phkb","1700020c11rik","Sip1","Cad","Cct8","Nudt5","1500003o22rik","Dlat","Rbm14","Hdac2","Mki67ip","Prkrir","Tyms","Angptl4")

down.in.lsc <- c("Lrrfip1", "Anxa1", "Itgb2l", "Ube2h", "Ssh2", "Xdh", "Hck", "Sh3bp5", "Myadm", "Ctdsp2", "Nadk", "Trp53inp1", "Rassf5", "Arhgap30", "Ai467606", "Slc11a1", "Gcnt2", "Tgm2", "Mkrn1", "Etohd2", "Prr13", "Tcp11l2", "3110043o21rik", "Mll3", "1190002a17rik", "Tlr13", "A130090k04rik", "2210403k04rik", "A530088i07rik", "A130014a01rik", "Hist1h2bc", "Pilra", "A930001n09rik", "Ckap4", "Mier1", "Klf3", "Apob48r", "2900064b18rik", "Ptplad2", "Prei4", "Gp49a", "Lilrb4", "Zfp36l1", "Snx10", "Fyb", "Sh3glb1", "Lilrb3", "Loc619608", "Cd80", "Il13ra1", "Sat1", "Stk10", "Olfm4", "Slc37a3", "Ltf", "Pnrc1", "Slc31a2", "Tmem71", "Cd300lf", "Apobec1", "Cd300a", "Sfxn5", "Snrk", "Pira2", "Samd8", "Aw550831", "Rin2", "Clec7a", "Pram1", "Fpr1", "Clec4d", "E030016h06rik", "Loc668101", "Tlr2", "C5ar1", "Fpr-rs2", "Mmp8", "Map3k8", "Klra2", "Bst1", "Slfn1")

### LSC.17 converted to mouse orthologs
lsc.17.mm <- c("Adgrg1","Akr1c18","Cd34","Bex3","Emp1","Smim24","Socs2","Cpxm1","Cdk6","Fam30a","Dpysl3","Mmrn1","Laptm4b","Arhgap22","Nynrin","Zbtb46","Dnmt3b")

## Human AML
### LSC.17 (Ng et al. Nature 2016)
lsc.17.hs <- c("GPR56","AKR1C3","CD34","NGFRAP1","EMP1","SMIM24","SOCS2","CPXM1","CDK6","KIAA0125","DPYSL3","MMRN1","LAPTM4B","ARHGAP22","NYNRIN","ZBTB46","DNMT3B")
